5 0.65 0.23671875 0.6078125 0.23671875 0.6078125 0.29140625 0.65 0.29140625 0.65 0.23671875
5 0.78203125 0.315625 0.72265625 0.315625 0.72265625 0.3625 0.78203125 0.3625 0.78203125 0.315625
5 0.5160155890625 0.4593750015625 0.47754256875 0.4910106390625 0.496289409375 0.5457282828125 0.535345425 0.5488551375 0.5665902359375 0.5238412609374999 0.568152453125 0.49257403593750004 0.5160155890625 0.4593750015625
5 0.6603246734375 0.44879987187500003 0.6292968390625 0.4417968765625 0.6118952390625 0.470686953125 0.619706440625 0.4941373734375 0.6525134703125001 0.4941373734375 0.6712604296875 0.47537702499999995 0.6603246734375 0.44879987187500003
5 0.7150030953125001 0.82869665 0.6429687140625 0.8226562515625 0.630642078125 0.8709074765624999 0.657200240625 0.9021747015624999 0.6853206187499999 0.9099915078124999 0.7196898640625 0.8724708140624999 0.7150030953125001 0.82869665
5 0.914969940625 0.602009325 0.8790383593750001 0.6223330093749999 0.9009098703125 0.6567269703124999 0.9320312140624999 0.6546875015625 0.9399658859375 0.61295280625 0.914969940625 0.602009325
5 0.58515625 0.67734375 0.53828125 0.67734375 0.53828125 0.72734375 0.58515625 0.72734375 0.58515625 0.67734375
5 0.78828125 0.3875 0.76015625 0.3875 0.76015625 0.4203125 0.78828125 0.4203125 0.78828125 0.3875
5 0.40546875 0.19375 0.37734375 0.19375 0.37734375 0.24375 0.40546875 0.24375 0.40546875 0.19375
5 0.56796875 0.3421875 0.54140625 0.3421875 0.54140625 0.3765625 0.56796875 0.3765625 0.56796875 0.3421875
5 0.74296875 0.54921875 0.72265625 0.54921875 0.72265625 0.57890625 0.74296875 0.57890625 0.74296875 0.54921875
5 0.99765625 0.1015625 0.97265625 0.1015625 0.97265625 0.15625 0.99765625 0.15625 0.99765625 0.1015625
5 0.44296875 0.81328125 0.41015625 0.81328125 0.41015625 0.84453125 0.44296875 0.84453125 0.44296875 0.81328125
5 0.87265625 0.73515625 0.83671875 0.73515625 0.83671875 0.77734375 0.87265625 0.77734375 0.87265625 0.73515625